Process: JLinkGDBServerCLExe
32767 0 0 32767
32767 400 32767 32767
32767 1800 32767 32767
32767 3750 32767 32767
32767 5912 32767 32767
32767 8234 32767 32767
32767 10475 32767 32767
32767 12756 32767 32767
32767 14867 32767 32767
32767 16850 32767 32767
32767 18537 32767 32767
32767 20102 32767 32767
32767 21576 32767 32767
32767 22882 32767 32767
32767 23961 32767 32767
32767 25070 32767 32767
32767 25902 32767 32767
32767 26726 32767 32767
32767 27344 32767 32767
32767 28008 32767 32767
32767 28506 32767 32767
32767 29079 32767 32767
32767 29409 32767 32767
32767 29756 32767 32767
32767 30117 32767 32767
32767 30387 32767 32767
32767 30690 32767 32767
32767 30817 32767 32767
32767 31012 32767 32767
32767 31259 32767 32767
32767 31444 32767 32767
32767 31583 32767 32767
32767 31687 32767 32767
32767 31765 32767 32767
32767 31823 32767 32767
32767 31967 32767 32767
32767 31975 32767 32767
32767 32181 32767 32767
32767 32135 32767 32767
32767 32201 32767 32767
32767 32250 32767 32767
32767 32287 32767 32767
32767 32315 32767 32767
32767 32336 32767 32767
32767 32352 32767 32767
32767 32464 32767 32767
32767 32448 32767 32767
32767 32436 32767 32767
32767 32527 32767 32767
32767 32495 32767 32767
32767 32471 32767 32767
32767 32553 32767 32767
32767 32514 32767 32767
32767 32485 32767 32767
32767 32563 32767 32767
32767 32522 32767 32767
32767 32591 32767 32767
32767 32643 32767 32767
32767 32582 32767 32767
32767 32636 32767 32767
32767 32577 32767 32767
32767 32532 32767 32767
32767 32599 32767 32767
32767 32649 32767 32767
32767 32686 32767 32767
32767 32614 32767 32767
32767 32660 32767 32767
32767 32695 32767 32767
32767 32621 32767 32767
32767 32665 32767 32767
32767 32598 32767 32767
32767 32648 32767 32767
32767 32686 32767 32767
32767 32614 32767 32767
32767 32660 32767 32767
32767 32595 32767 32767
32767 32646 32767 32767
32767 32684 32767 32767
32767 32613 32767 32767
32767 32759 32767 32767
32767 32669 32767 32767
32767 32701 32767 32767
32767 32625 32767 32767
32767 32768 32767 32767
32767 32676 32767 32767
32767 32707 32767 32767
32767 32730 32767 32767
32767 32647 32767 32767
32767 32685 32767 32767
32767 32613 32767 32767
32767 32759 32767 32767
32767 32669 32767 32767
32767 32701 32767 32767
32767 32725 32767 32767
32767 32643 32767 32767
32767 32682 32767 32767
32767 32711 32767 32767
32767 32733 32767 32767
32767 32649 32767 32767
32767 32786 32767 32767
32767 32689 32767 32767
32767 32716 32767 32767
32767 32737 32767 32767
32767 32652 32767 32767
32767 32789 32767 32767
32767 32691 32767 32767
32767 32718 32767 32767
32767 32738 32767 32767
32767 32753 32767 32767
32767 32664 32767 32767
32767 32698 32767 32767
32767 32723 32767 32767
32767 32642 32767 32767
32767 32781 32767 32767
32767 32685 32767 32767
32767 32713 32767 32767
32767 32734 32767 32767
32767 32750 32767 32767
32767 32662 32767 32767
32767 32796 32767 32767
32767 32697 32767 32767
32767 32722 32767 32767
32767 32741 32767 32767
32767 32755 32767 32767
32767 32766 32767 32767
32767 32674 32767 32767
32767 32705 32767 32767
32767 32728 32767 32767
32767 32746 32767 32767
32767 32759 32767 32767
32767 32769 32767 32767
32767 32676 32767 32767
32767 32807 32767 32767
32767 32705 32767 32767
32767 32828 32767 32767
32767 32721 32767 32767
32767 32740 32767 32767
32767 32755 32767 32767
32767 32666 32767 32767
32767 32699 32767 32767
32767 32724 32767 32767
32767 32743 32767 32767
32767 32657 32767 32767
32767 32792 32767 32767
32767 32694 32767 32767
32767 32720 32767 32767
32767 32740 32767 32767
32767 32755 32767 32767
32767 32766 32767 32767
32767 32774 32767 32767
32767 32780 32767 32767
32767 32785 32767 32767
32767 32788 32767 32767
32767 32691 32767 32767
32767 32718 32767 32767
32767 32738 32767 32767
32767 32753 32767 32767
32767 32764 32767 32767
32767 32773 32767 32767
32767 32679 32767 32767
32767 32809 32767 32767
32767 32706 32767 32767
32767 32829 32767 32767
32767 32721 32767 32767
32767 32740 32767 32767
32767 32755 32767 32767
32767 32766 32767 32767
32767 32774 32767 32767
32767 32680 32767 32767
32767 32810 32767 32767
32767 32707 32767 32767
32767 32830 32767 32767
32767 32722 32767 32767
32767 32841 32767 32767
32767 32730 32767 32767
32767 32747 32767 32767
32767 32760 32767 32767
32767 32770 32767 32767
32767 32777 32767 32767
32767 32782 32767 32767
32767 32686 32767 32767
32767 32814 32767 32767
32767 32710 32767 32767
32767 32832 32767 32767
32767 32724 32767 32767
32767 32743 32767 32767
32767 32757 32767 32767
32767 32767 32767 32767
32767 32775 32767 32767
32767 32781 32767 32767
32767 32785 32767 32767
32767 32688 32767 32767
32767 32816 32767 32767
32767 32712 32767 32767
32767 32834 32767 32767
32767 32725 32767 32767
32767 32743 32767 32767
32767 32757 32767 32767
32767 32767 32767 32767
32767 32775 32767 32767
32767 32781 32767 32767
32767 32785 32767 32767
32767 32788 32767 32767
32767 32791 32767 32767
32767 32793 32767 32767
32767 32694 32767 32767
32767 32820 32767 32767
32767 32715 32767 32767
32767 32836 32767 32767
32767 32727 32767 32767
32767 32745 32767 32767
32767 32758 32767 32767
32767 32768 32767 32767
32767 32776 32767 32767
32767 32782 32767 32767
32767 32786 32767 32767
32767 32689 32767 32767
32767 32816 32767 32767
32767 32712 32767 32767
32767 32834 32767 32767
32767 32725 32767 32767
32767 32843 32767 32767
32767 32732 32767 32767
32767 32749 32767 32767
32767 32761 32767 32767
32767 32770 32767 32767
32767 32777 32767 32767
32767 32782 32767 32767
32767 32786 32767 32767
32767 32789 32767 32767
32767 32691 32767 32767
32767 32818 32767 32767
32767 32713 32767 32767
32767 32734 32767 32767
32767 32750 32767 32767
32767 32862 32767 32767
32767 32746 32767 32767
32767 32759 32767 32767
32767 32769 32767 32767
32767 32776 32767 32767
32767 32782 32767 32767
32767 32786 32767 32767
32767 32789 32767 32767
32767 32791 32767 32767
32767 32793 32767 32767
32767 32794 32767 32767
32767 32795 32767 32767
32767 32796 32767 32767
32767 32797 32767 32767
32767 32697 32767 32767
32767 32822 32767 32767
32767 32716 32767 32767
32767 32837 32767 32767
32767 32727 32767 32767
32767 32845 32767 32767
32767 32733 32767 32767
32767 32849 32767 32767
32767 32736 32767 32767
32767 32852 32767 32767
32767 32739 32767 32767
32767 32854 32767 32767
32767 32740 32767 32767
32767 32755 32767 32767
32767 32666 32767 32767
32767 32799 32767 32767
32767 32699 32767 32767
32767 32824 32767 32767
32767 32718 32767 32767
32767 32838 32767 32767
32767 32728 32767 32767
32767 32846 32767 32767
32767 32734 32767 32767
32767 32850 32767 32767
32767 32737 32767 32767
32767 32752 32767 32767
32767 32764 32767 32767
32767 32773 32767 32767
32767 32779 32767 32767
32767 32684 32767 32767
32767 32813 32767 32767
32767 32709 32767 32767
32767 32731 32767 32767
32767 32748 32767 32767
