Process: JLinkGDBServerCLExe
4588 5187 5175
5095 5184 5182
4539 5190 5176
4932 5185 5179
4249 5190 5171
4680 5181 5170
4547 5181 5168
4954 5177 5172
4818 5182 5174
4928 5181 5175
4415 5185 5169
4540 5177 5164
4697 5174 5164
4659 5174 5163
4855 5174 5167
4702 5177 5167
4905 5177 5171
4609 5180 5168
4928 5178 5172
4444 5181 5166
4721 5175 5165
4477 5175 5161
4805 5170 5162
4599 5173 5161
4849 5171 5164
4596 5175 5163
4983 5173 5169
4543 5180 5167
4957 5176 5171
4596 5179 5167
4625 5175 5163
4333 5173 5156
4542 5167 5154
4657 5166 5155
5013 5165 5161
4877 5171 5165
4940 5173 5168
4646 5177 5166
4537 5175 5162
4457 5172 5157
4508 5168 5154
4827 5165 5158
4989 5167 5163
4864 5172 5165
4830 5173 5166
4618 5176 5164
4541 5174 5161
4507 5171 5157
4728 5167 5158
4488 5168 5154
4629 5163 5152
4850 5164 5157
4849 5168 5161
4942 5172 5167
4979 5175 5171
4577 5180 5167
4575 5175 5162
4410 5172 5156
4440 5166 5151
4754 5162 5153
4785 5163 5155
4968 5164 5160
4966 5169 5164
4603 5174 5162
4635 5172 5161
4555 5173 5160
4687 5170 5160
4858 5171 5164
4984 5175 5171
4841 5181 5174
4856 5183 5176
4460 5185 5170
4459 5180 5165
4601 5175 5163
4576 5174 5162
4768 5172 5163
4933 5174 5169
4992 5179 5175
4886 5184 5178
4470 5188 5173
4493 5182 5168
4429 5179 5163
4619 5174 5162
4793 5172 5164
5004 5174 5170
5012 5178 5174
4828 5183 5175
4621 5184 5172
4538 5181 5168
4575 5179 5166
4723 5177 5167
4669 5176 5165
4685 5175 5165
4782 5174 5166
4823 5176 5168
4784 5178 5170
4868 5180 5173
4781 5183 5174
4610 5184 5172
4624 5182 5170
4585 5181 5169
4784 5179 5171
4710 5180 5170
4791 5179 5171
4724 5180 5170
4724 5179 5169
4606 5179 5167
4772 5177 5168
4670 5177 5166
4579 5176 5164
4710 5173 5163
4715 5172 5162
4681 5172 5162
4607 5172 5160
4587 5169 5157
4623 5167 5156
4714 5167 5157
4856 5168 5161
4832 5172 5165
4757 5174 5165
4692 5175 5165
4641 5175 5164
4569 5174 5161
4767 5170 5161
4719 5171 5161
4823 5171 5164
4798 5173 5165
4633 5175 5164
4706 5174 5164
4690 5174 5164
4730 5174 5165
4808 5174 5166
4639 5176 5165
4594 5174 5162
4558 5172 5159
4658 5169 5158
4757 5168 5159
4734 5168 5159
4763 5168 5159
4596 5169 5157
4633 5167 5156
4752 5166 5157
4905 5166 5160
4785 5169 5161
4407 5170 5154
4447 5164 5149
4486 5161 5147
4961 5159 5155
5131 5165 5164
5072 5173 5170
4638 5176 5165
4213 5173 5153
4224 5165 5146
4262 5158 5140
4926 5152 5147
5207 5156 5157
5115 5166 5164
5002 5173 5169
4657 5177 5166
4278 5175 5157
4331 5167 5150
4485 5162 5148
4755 5160 5151
4945 5160 5155
4881 5165 5159
4729 5170 5161
4768 5171 5162
4823 5173 5165
4752 5177 5168
4685 5179 5169
4682 5179 5169
4549 5178 5165
4617 5175 5163
4731 5174 5165
4870 5174 5167
4952 5176 5171
4738 5181 5172
4803 5182 5174
4609 5183 5171
4524 5181 5167
4610 5178 5166
4531 5176 5163
4653 5174 5163
4892 5173 5167
4851 5176 5169
4787 5179 5171
4823 5181 5173
4548 5182 5169
4606 5179 5167
4757 5178 5169
4599 5180 5168
4891 5178 5172
4564 5181 5168
4687 5178 5168
4636 5179 5168
4817 5178 5170
4824 5180 5172
4812 5182 5174
4615 5183 5171
4582 5181 5169
4518 5179 5165
4628 5175 5164
4740 5174 5165
4818 5175 5167
4674 5177 5166
4558 5176 5163
4587 5173 5161
4778 5172 5164
4879 5174 5168
4884 5177 5171
4746 5179 5170
4615 5178 5166
4642 5176 5165
4549 5177 5164
4744 5174 5165
4700 5175 5165
4806 5176 5168
4602 5178 5166
4461 5175 5160
4785 5170 5162
4537 5173 5160
5068 5172 5169
4795 5177 5169
4588 5178 5166
4225 5175 5155
4632 5167 5156
4919 5168 5163
5309 5173 5175
4991 5183 5179
4857 5187 5180
4450 5187 5172
4106 5182 5160
4302 5171 5153
4699 5165 5155
5043 5165 5162
5068 5171 5168
5062 5179 5176
5192 5184 5184
4689 5193 5182
4547 5190 5177
4197 5187 5167
4406 5178 5162
4622 5175 5163
4956 5173 5168
5105 5177 5175
4861 5183 5176
4723 5185 5175
4598 5184 5172
4674 5183 5172
4860 5182 5175
4906 5185 5179
4661 5189 5178
4609 5188 5176
4351 5186 5169
4436 5180 5165
4790 5177 5169
5007 5179 5175
5067 5185 5182
4952 5190 5185
4740 5192 5182
4363 5192 5175
4205 5186 5166
4515 5177 5163
4827 5176 5169
5101 5180 5178
4967 5187 5182
4735 5191 5181
4489 5191 5176
4554 5186 5173
4531 5185 5171
4763 5181 5172
4884 5183 5177
4894 5186 5180
4565 5189 5176
4494 5187 5173
4470 5184 5169
4679 5179 5168
4857 5179 5172
4864 5182 5175
4858 5185 5178
4820 5187 5179
4546 5187 5174
4600 5183 5171
4510 5182 5168
4570 5180 5167
4937 5178 5173
5131 5183 5181
4832 5188 5180
4574 5187 5174
4399 5183 5167
4484 5177 5163
4614 5174 5162
4859 5174 5167
4968 5176 5171
4994 5181 5177
4796 5187 5179
4499 5188 5174
4563 5185 5172
4674 5183 5172
4799 5182 5174
4808 5184 5176
4771 5185 5176
4715 5185 5175
4577 5185 5172
4614 5180 5168
4574 5178 5165
4649 5176 5165
4788 5174 5166
4649 5176 5165
4785 5174 5166
4692 5176 5166
4715 5178 5168
4725 5178 5168
4859 5178 5171
4721 5180 5170
4717 5179 5169
4603 5178 5166
4698 5175 5165
4716 5174 5164
4658 5174 5163
4778 5174 5166
4860 5176 5169
4855 5179 5172
4752 5181 5172
4596 5181 5169
4625 5178 5166
4773 5176 5167
4828 5176 5169
4876 5180 5173
4838 5183 5176
4716 5185 5175
4518 5184 5170
4529 5181 5167
4752 5177 5168
4783 5179 5171
4774 5181 5172
4643 5182 5171
4698 5181 5171
4658 5181 5170
4584 5180 5168
4719 5179 5169
4830 5179 5172
4729 5183 5173
4647 5181 5170
4640 5180 5169
4767 5179 5170
4672 5181 5170
4735 5180 5171
4848 5180 5173
4692 5183 5173
4823 5183 5175
4641 5185 5174
4647 5184 5173
4636 5183 5172
4709 5182 5172
4808 5182 5174
4792 5183 5175
4744 5184 5175
4562 5185 5172
4666 5184 5173
4671 5184 5173
4887 5183 5177
4881 5187 5180
4719 5189 5179
4722 5189 5179
4692 5188 5178
4343 5189 5172
4496 5183 5169
4741 5181 5172
4978 5182 5177
4866 5187 5180
4928 5190 5184
4697 5193 5183
4588 5193 5180
4294 5189 5171
4488 5182 5168
4841 5179 5172
5007 5183 5179
4951 5189 5184
4696 5192 5182
4580 5191 5178
4523 5189 5175
4763 5185 5176
4685 5186 5175
4845 5185 5178
4645 5188 5177
4403 5187 5171
4605 5181 5169
4663 5178 5167
4744 5178 5169
4849 5178 5171
4682 5182 5171
4624 5181 5169
4520 5180 5166
4502 5177 5163
4768 5174 5165
4795 5175 5167
4673 5177 5166
4839 5175 5168
4750 5177 5168
4666 5177 5166
4512 5176 5162
4619 5172 5160
4698 5171 5161
4761 5172 5163
5127 5174 5173
4953 5180 5175
4624 5183 5171
4201 5179 5159
4158 5170 5149
4180 5163 5143
4896 5155 5149
5294 5160 5162
5160 5170 5169
4794 5177 5169
4257 5178 5159
4302 5170 5152
4744 5163 5154
4909 5165 5159
4843 5167 5160
4683 5168 5158
4474 5170 5156
4594 5167 5155
4970 5166 5162
5008 5170 5166
4644 5174 5163
4425 5171 5156
4354 5168 5151
4519 5161 5148
4733 5157 5148
4837 5157 5150
4674 5159 5149
4731 5159 5150
4731 5160 5151
4900 5161 5155
4860 5163 5156
4504 5166 5152
4454 5164 5149
4655 5160 5149
4964 5161 5157
4976 5167 5163
4787 5171 5163
4375 5172 5156
4405 5168 5152
4676 5164 5154
5029 5165 5162
4883 5170 5164
4785 5172 5164
4535 5173 5160
4500 5170 5156
4636 5168 5157
4717 5168 5158
4954 5168 5163
4799 5172 5164
4623 5174 5162
4724 5173 5164
4766 5174 5165
4746 5176 5167
4742 5177 5168
4886 5178 5172
4814 5182 5174
4720 5183 5173
4647 5182 5171
4714 5180 5170
4575 5180 5167
4540 5178 5165
4827 5175 5168
4781 5179 5171
4727 5181 5171
4704 5180 5170
4681 5178 5168
4514 5178 5164
4607 5175 5163
4660 5173 5162
4806 5172 5164
4802 5174 5166
4780 5175 5167
4638 5175 5164
4637 5175 5164
4567 5174 5161
4755 5171 5162
4831 5173 5166
4771 5175 5166
4630 5175 5164
4711 5173 5163
4647 5174 5163
4598 5173 5161
4713 5171 5161
4759 5171 5162
4760 5172 5163
4830 5174 5167
4808 5177 5169
4713 5177 5167
4708 5176 5166
4643 5176 5165
4691 5175 5165
4685 5174 5164
4704 5175 5165
4586 5175 5163
4643 5173 5162
4635 5172 5161
4820 5170 5162
4876 5170 5164
4691 5174 5164
4685 5173 5163
4631 5175 5164
4685 5175 5165
4646 5175 5164
4768 5174 5165
4783 5175 5167
4796 5178 5170
4661 5178 5167
4538 5177 5164
4646 5174 5163
4477 5174 5160
4799 5171 5163
4827 5174 5167
4880 5176 5170
4706 5179 5169
4492 5179 5165
4502 5175 5161
4598 5172 5160
4795 5170 5162
4923 5172 5167
4783 5177 5169
4767 5179 5170
4600 5180 5168
4588 5178 5166
4724 5177 5167
4641 5178 5167
4770 5177 5168
4728 5178 5168
4805 5179 5171
4819 5182 5174
4746 5183 5174
4919 5182 5176
4666 5184 5173
4499 5182 5168
4485 5180 5166
4867 5177 5170
4846 5180 5173
4829 5182 5174
4687 5184 5174
4219 5185 5165
4649 5175 5164
4494 5175 5161
4813 5169 5161
4600 5169 5157
4717 5167 5157
4263 5168 5149
4851 5158 5151
4791 5164 5156
5234 5164 5165
4901 5173 5167
4950 5175 5170
4481 5177 5163
4261 5172 5153
3805 5165 5137
4248 5149 5130
4914 5145 5140
5458 5149 5155
5243 5165 5166
5329 5172 5175
4393 5183 5167
4066 5172 5149
3399 5160 5124
3765 5137 5109
4343 5127 5111
5868 5123 5137
5704 5149 5160
6240 5166 5187
5175 5191 5190
4381 5194 5177
3191 5182 5142
3328 5158 5121
4169 5137 5117
5308 5132 5135
5645 5144 5154
5397 5163 5167
5085 5175 5173
5146 5180 5179
4437 5188 5172
4544 5181 5168
4226 5179 5159
4311 5171 5153
4354 5164 5147
4727 5157 5148
4793 5159 5151
4878 5161 5155
4879 5166 5160
5046 5170 5167
5041 5175 5172
4874 5178 5171
4451 5177 5162
3898 5170 5144
4250 5158 5139
4472 5153 5139
5700 5151 5161
5442 5170 5175
5357 5182 5185
4575 5192 5179
4450 5187 5172
3856 5181 5154
4192 5165 5145
4117 5156 5135
4935 5148 5143
5147 5155 5154
5433 5165 5170
5012 5177 5173
4911 5180 5174
3930 5181 5155
4294 5165 5147
4268 5159 5141
5022 5154 5151
4816 5160 5153
4811 5162 5154
4485 5163 5149
4604 5159 5147
4932 5158 5153
5263 5162 5164
5030 5173 5170
5161 5176 5175
4117 5181 5159
3787 5168 5140
3487 5151 5117
4366 5134 5118
5327 5133 5136
5715 5147 5158
5695 5166 5176
5215 5180 5180
3799 5186 5158
3825 5167 5140
3872 5155 5129
5482 5146 5152
5795 5162 5174
5733 5182 5193
5246 5197 5197
3894 5200 5173
2981 5180 5136
3406 5150 5115
4562 5134 5122
5749 5136 5148
5691 5158 5168
5771 5175 5186
5099 5192 5190
4408 5197 5181
4172 5188 5167
3719 5176 5146
4107 5157 5135
4174 5148 5128
4875 5142 5136
5277 5149 5151
5266 5160 5162
5487 5172 5178
5302 5185 5187
4832 5195 5187
4673 5195 5184
4107 5192 5170
4157 5179 5158
3868 5168 5141
4449 5155 5140
4658 5154 5144
5135 5156 5155
5333 5165 5168
5315 5176 5178
5049 5185 5182
4651 5188 5177
4142 5184 5163
4023 5174 5150
4236 5162 5143
4630 5155 5144
4900 5155 5149
5119 5160 5159
5092 5168 5166
4818 5174 5166
4593 5174 5162
4534 5172 5159
4617 5169 5157
4613 5166 5154
4867 5164 5158
4799 5167 5159
4649 5168 5157
4554 5167 5154
4605 5165 5153
4928 5164 5159
5080 5168 5166
4953 5175 5170
4629 5179 5167
4967 5178 5173
5025 5183 5179
4948 5187 5182
4337 5189 5171
4345 5181 5164
4238 5175 5156
4705 5169 5159
4965 5170 5165
5246 5175 5176
4882 5185 5178
4477 5186 5171
4391 5182 5166
4467 5177 5162
4618 5173 5161
4926 5171 5166
4823 5176 5168
4590 5178 5166
4665 5177 5166
4588 5176 5164
4621 5175 5163
4773 5174 5165
4775 5176 5167
4893 5177 5171
4825 5181 5173
4928 5183 5177
4652 5186 5175
4642 5184 5173
4510 5182 5168
4376 5178 5161
4667 5173 5162
4745 5173 5164
5135 5171 5170
4478 5176 5162
4047 5171 5148
3934 5161 5136
4987 5151 5147
5585 5159 5167
5793 5174 5186
5264 5190 5191
4593 5196 5183
3806 5189 5161
3700 5173 5143
4295 5158 5140
5004 5154 5150
5153 5161 5160
5305 5171 5173
5199 5182 5182
5050 5189 5186
4646 5194 5183
4126 5191 5169
3998 5181 5157
4276 5170 5152
4836 5165 5158
5223 5170 5171
5236 5180 5181
4885 5189 5182
4677 5191 5180
4477 5190 5175
4470 5186 5171
4821 5182 5174
4987 5185 5181
4817 5189 5181
4568 5189 5176
4371 5186 5169
4442 5179 5164
4675 5176 5165
4808 5176 5168
5086 5178 5176
4882 5185 5178
4690 5186 5176
4511 5184 5170
4530 5180 5166
4332 5177 5160
4538 5172 5159
4789 5170 5162
5088 5172 5170
5036 5179 5176
4827 5184 5176
4645 5186 5175
4337 5184 5167
4505 5178 5164
4707 5175 5165
4976 5176 5171
4849 5181 5174
4715 5183 5173
4627 5181 5169
4562 5179 5166
4624 5176 5164
4716 5174 5164
4860 5172 5165
4691 5175 5165
4639 5174 5163
4548 5172 5159
4643 5169 5158
4633 5168 5157
4880 5168 5162
4932 5172 5167
4844 5175 5168
4733 5177 5168
4486 5178 5164
4310 5175 5157
4704 5168 5158
4957 5169 5164
4826 5173 5166
4855 5175 5168
4759 5176 5167
4509 5176 5162
4623 5173 5161
4609 5171 5159
4672 5170 5160
4640 5171 5160
4622 5170 5159
4856 5169 5162
4764 5174 5165
4726 5176 5166
4658 5177 5166
4731 5174 5165
4602 5176 5164
4816 5173 5165
4485 5175 5161
4573 5171 5159
4761 5169 5160
4804 5171 5163
4741 5172 5163
4688 5173 5163
4860 5170 5163
4421 5170 5155
4361 5165 5148
5263 5159 5161
4847 5169 5162
4609 5170 5158
4547 5168 5155
4504 5168 5154
4824 5165 5158
5015 5169 5165
4681 5174 5164
4651 5173 5162
4415 5173 5157
4951 5167 5162
4995 5172 5168
5008 5175 5171
4423 5178 5162
4393 5170 5154
4287 5165 5147
4516 5157 5144
4860 5155 5149
5035 5157 5154
4413 5165 5149
4865 5159 5153
4446 5163 5148
4752 5159 5150
4800 5161 5153
4571 5163 5151
4522 5163 5150
4699 5161 5151
4782 5162 5154
4797 5164 5156
4837 5166 5159
4819 5170 5162
4906 5172 5166
4638 5175 5164
4770 5174 5165
4594 5173 5161
4646 5170 5159
4264 5168 5149
4503 5160 5146
4593 5156 5144
4909 5155 5150
4845 5160 5153
4973 5164 5160
4579 5169 5157
4773 5167 5159
4631 5170 5159
4925 5171 5166
4836 5176 5169
4752 5178 5169
4522 5179 5165
4692 5175 5165
4835 5176 5169
4685 5180 5170
4719 5180 5170
4653 5181 5170
4783 5181 5173
4719 5183 5173
4812 5184 5176
4801 5186 5178
4766 5187 5178
4753 5188 5179
4774 5188 5179
4491 5188 5174
4808 5184 5176
4522 5187 5173
4731 5184 5174
4736 5184 5175
4676 5185 5174
4710 5184 5174
4639 5184 5173
4700 5184 5174
4815 5183 5175
4716 5185 5175
4865 5186 5179
4878 5188 5181
4783 5191 5182
4828 5192 5184
4771 5195 5186
4844 5196 5188
4823 5199 5191
4714 5201 5191
4677 5199 5188
4629 5198 5186
4717 5197 5187
4807 5197 5189
4781 5199 5190
4836 5199 5191
4554 5201 5188
4719 5197 5187
4640 5198 5186
4675 5197 5186
4899 5196 5190
4779 5201 5192
4795 5201 5192
4537 5200 5186
4834 5195 5187
4740 5195 5185
4634 5192 5180
4817 5188 5180
4511 5187 5173
4511 5178 5164
4277 5169 5151
4605 5158 5146
4783 5150 5142
4515 5147 5134
5378 5131 5135
5824 5119 5133
6008 5103 5121
5803 5082 5096
5902 5049 5066
2343 5022 4968
7543 4927 4979
7040 4916 4958
7659 4877 4932
7484 4829 4882
7389 4762 4814
7195 4672 4722
6941 4559 4606
6742 4423 4469
6354 4265 4306
6118 4085 4125
5635 3887 3921
4815 3668 3690
4072 3421 3434
3616 3155 3164
2861 2873 2872
1907 2574 2560
1162 2259 2237
509 1938 1909
361 1612 1586
409 1285 1267
-244 965 940
-1093 640 605
-1469 313 277
-1871 -10 -48
-2156 -327 -364
-2014 -641 -669
-1021 -952 -954
-1582 -1241 -1248
-3236 -1542 -1576
-2751 -1877 -1895
-3761 -2191 -2223
-5023 -2512 -2563
-5690 -2842 -2899
-5869 -3164 -3219
-5637 -3480 -3524
-5599 -3785 -3822
-5675 -4079 -4111
-6156 -4359 -4395
-6346 -4637 -4672
-6713 -4912 -4949
-7484 -5181 -5228
-7987 -5452 -5503
-8364 -5718 -5771
-8780 -5977 -6034
-9233 -6230 -6291
-9286 -6477 -6534
-10083 -6710 -6778
-10508 -6939 -7011
-11069 -7157 -7236
-11923 -7364 -7456
-13321 -7561 -7677
-14239 -7752 -7882
-13741 -7928 -8045
-12942 -8065 -8163
-12142 -8161 -8241
-11674 -8222 -8292
-11380 -8257 -8320
-11647 -8268 -8336
-12191 -8267 -8346
-12806 -8253 -8345
-13475 -8227 -8332
-13686 -8185 -8296
-13333 -8120 -8225
-12969 -8021 -8120
-11689 -7891 -7967
-10476 -7720 -7776
-9633 -7513 -7556
-9035 -7282 -7318
-9231 -7030 -7075
-9120 -6770 -6818
-8694 -6499 -6543
-7900 -6209 -6243
-6738 -5897 -5914
-5609 -5562 -5563
-4466 -5211 -5197
-3647 -4847 -4823
-3753 -4474 -4460
-3349 -4111 -4096
-2827 -3749 -3731
-2132 -3386 -3361
-1341 -3019 -2986
-1012 -2649 -2617
-590 -2286 -2253
-309 -1923 -1891
-98 -1570 -1541
1227 -1230 -1181
1899 -880 -825
2272 -538 -482
2680 -208 -151
2623 109 159
2636 408 452
2606 691 729
2503 961 991
2568 1215 1242
2507 1460 1480
3163 1692 1721
3036 1923 1945
2244 2146 2147
2123 2350 2345
1831 2553 2538
1534 2754 2729
1370 2954 2922
1539 3157 3124
2676 3367 3353
3883 3596 3601
5831 3836 3875
6999 4098 4156
8217 4359 4436
8549 4617 4695
23443 4717 5091
6868 5054 5090
7757 5092 5145
5133 5118 5118
7045 5092 5131
6550 5080 5109
6574 5046 5076
7470 4997 5046
6553 4953 4985
7017 4878 4920
6678 4794 4831
6212 4692 4722
5784 4570 4594
5557 4431 4453
5294 4279 4299
5133 4114 4134
4961 3936 3956
4498 3748 3763
3905 3548 3555
3326 3331 3330
2453 3103 3089
2176 2862 2848
1926 2619 2605
2106 2373 2367
2267 2128 2130
2360 1884 1893
2417 1638 1653
2570 1387 1410
1860 1131 1145
964 857 859
644 561 562
689 255 263
22 -55 -54
-219 -380 -377
-915 -712 -717
-2144 -1054 -1076
-2371 -1414 -1434
-3019 -1775 -1800
-3968 -2141 -2178
-3799 -2523 -2549
-3256 -2904 -2912
-3761 -3277 -3287
-3767 -3655 -3658
-4062 -4031 -4032
-4407 -4406 -4407
-4392 -4786 -4779
-4836 -5166 -5160
-6167 -5556 -5569
-7483 -5966 -5997
-8578 -6393 -6437
-8718 -6829 -6867
-8539 -7260 -7286
-9661 -7682 -7722
-10531 -8110 -8159
-10740 -8538 -8583
-11623 -8959 -9013
-11741 -9387 -9435
-11958 -9810 -9853
-12144 -10228 -10267
-13339 -10635 -10690
-13586 -11051 -11102
-13965 -11459 -11510
-14914 -11863 -11925
-15773 -12268 -12339
-16270 -12676 -12748
-16921 -13077 -13154
-17668 -13473 -13557
-18061 -13867 -13951
-18834 -14252 -14344
-20244 -14632 -14745
-21250 -15014 -15139
-22346 -15388 -15528
-22093 -15755 -15882
-24419 -16084 -16251
-26398 -16419 -16619
-27539 -16750 -16966
-28025 -17057 -17277
-28366 -17327 -17548
-29326 -17556 -17792
-30292 -17747 -17998
-30292 -17900 -18148
-30180 -18001 -18245
-27703 -18055 -18249
-26841 -18017 -18194
-26240 -17927 -18094
-25500 -17792 -17947
-24495 -17611 -17749
-23865 -17381 -17511
-22574 -17116 -17226
-21577 -16803 -16899
-20507 -16451 -16533
-19619 -16065 -16137
-18337 -15645 -15699
-16639 -15191 -15220
-15097 -14701 -14709
-14115 -14180 -14179
-13278 -13642 -13635
-12290 -13092 -13076
-11746 -12524 -12509
-10483 -11954 -11925
-8980 -11369 -11322
-7658 -10772 -10710
-7070 -10165 -10104
-6456 -9564 -9502
-5414 -8965 -8894
-3500 -8364 -8267
-2378 -7749 -7642
-632 -7145 -7015
516 -6546 -6405
1065 -5966 -5826
1443 -5415 -5278
2837 -4906 -4752
4156 -4419 -4248
5236 -3962 -3779
5884 -3543 -3355
5991 -3169 -2986
5714 -2847 -2676
5393 -2582 -2423
4729 -2374 -2232
4627 -2223 -2086
4716 -2119 -1983
4885 -2058 -1920
5046 -2038 -1897
4301 -2057 -1930
3325 -2125 -2016
1900 -2240 -2158
789 -2405 -2342
81 -2606 -2553
-186 -2837 -2784
-687 -3085 -3038
-1144 -3356 -3312
-1690 -3648 -3609
-2599 -3959 -3932
-3187 -4294 -4272
-4036 -4645 -4633
-5384 -5011 -5019
-6380 -5399 -5419
-7824 -5795 -5836
-9539 -6203 -6270
-11482 -6618 -6716
-13214 -7040 -7164
-14681 -7457 -7602
-15852 -7857 -8017
-16344 -8232 -8395
-16350 -8572 -8728
-16825 -8867 -9027
-17899 -9125 -9301
-18512 -9353 -9537
-18358 -9544 -9721
-17817 -9684 -9847
-16754 -9770 -9910
-16010 -9797 -9922
-16077 -9773 -9900
-16140 -9717 -9846
-17346 -9622 -9777
-17463 -9505 -9665
-16489 -9348 -9491
-15244 -9134 -9257
-13170 -8868 -8955
-11829 -8542 -8608
-9978 -8175 -8212
-8155 -7765 -7773
-6271 -7323 -7302
-4302 -6854 -6803
-2935 -6363 -6295
-1692 -5867 -5784
-188 -5377 -5274
1155 -4893 -4773
2605 -4426 -4286
4434 -3982 -3814
5699 -3561 -3376
6889 -3177 -2976
7145 -2838 -2639
7252 -2560 -2364
7456 -2344 -2148
6782 -2187 -2008
6397 -2103 -1933
5665 -2078 -1924
5166 -2120 -1975
4622 -2218 -2082
3830 -2371 -2247
2511 -2573 -2472
1186 -2830 -2750
-354 -3131 -3076
-2242 -3474 -3450
-3908 -3855 -3857
-5322 -4264 -4286
-6322 -4694 -4727
-7706 -5128 -5180
-9168 -5570 -5642
-10329 -6014 -6101
-11301 -6453 -6550
-11777 -6880 -6978
-11874 -7290 -7382
-11764 -7677 -7759
-11842 -8039 -8116
-11925 -8385 -8456
-12619 -8710 -8789
-13240 -9027 -9112
-14391 -9329 -9431
-14933 -9627 -9734
-15763 -9905 -10023
-16968 -10164 -10301
-17548 -10409 -10552
-18184 -10626 -10778
-18314 -10814 -10965
-18274 -10964 -11111
-18126 -11075 -11217
-17488 -11146 -11273
-16838 -11171 -11285
-16351 -11154 -11258
-16365 -11098 -11204
-16229 -11017 -11122
-16382 -10904 -11014
-15848 -10766 -10868
-14958 -10593 -10681
-14034 -10382 -10456
-13016 -10134 -10192
-11549 -9856 -9890
-10620 -9544 -9566
-10244 -9208 -9229
-9563 -8860 -8875
-9239 -8495 -8510
-9118 -8116 -8137
-8391 -7730 -7744
-7486 -7329 -7333
-6713 -6910 -6907
-5636 -6478 -6462
-4417 -6035 -6003
-3506 -5580 -5539
-2739 -5121 -5074
-2034 -4663 -4611
-1287 -4212 -4154
-870 -3764 -3707
-769 -3327 -3276
-624 -2899 -2854
-643 -2482 -2446
-168 -2077 -2039
445 -1676 -1634
1541 -1281 -1225
2111 -884 -825
2378 -494 -437
2641 -117 -62
2246 251 290
1964 600 627
2266 937 963
3244 1265 1304
3975 1589 1636
3958 1909 1949
4172 2213 2252
3767 2511 2536
3244 2796 2804
2368 3075 3060
3329 3337 3336
5641 3601 3641
6460 3887 3938
7082 4172 4230
27345 4311 4771
11352 4717 4849
9629 4871 4966
12232 4932 5078
-533 5047 4935
1030 4939 4860
64 4866 4769
834 4802 4722
6784 4748 4788
7549 4798 4853
7315 4849 4898
5515 4888 4900
6382 4887 4916
7567 4882 4935
8186 4882 4948
9119 4869 4954
8775 4844 4922
8350 4787 4858
8029 4697 4763
7669 4576 4637
7615 4424 4487
7545 4250 4315
7463 4053 4121
7249 3832 3900
6991 3584 3652
6506 3308 3371
5643 3003 3055
4900 2665 2709
4452 2299 2342
3525 1916 1948
2654 1507 1529
1510 1077 1085
400 623 618
-776 155 136
-1797 -330 -360
-2718 -822 -860
-3536 -1320 -1365
-4275 -1820 -1870
-4445 -2318 -2361
-5071 -2807 -2853
-5379 -3294 -3336
-5170 -3778 -3806
-5747 -4246 -4277
-6313 -4716 -4748
-7364 -5185 -5229
-8419 -5661 -5717
-9435 -6138 -6204
-9890 -6617 -6683
-9890 -7093 -7149
-10174 -7560 -7613
-10262 -8020 -8065
-10021 -8467 -8499
-10400 -8897 -8928
-11606 -9325 -9371
-12582 -9763 -9820
-13284 -10205 -10267
-13955 -10646 -10713
-15084 -11083 -11164
-15927 -11524 -11613
-16332 -11961 -12049
-16266 -12383 -12461
-16023 -12789 -12854
-16415 -13175 -13240
-16602 -13556 -13617
-17350 -13926 -13995
-17927 -14298 -14371
-19066 -14665 -14754
-19938 -15037 -15136
-20684 -15407 -15513
-20728 -15770 -15870
-20336 -16115 -16200
-20436 -16438 -16518
-20662 -16748 -16827
-21137 -17049 -17131
-21956 -17342 -17435
-22544 -17639 -17738
-23029 -17927 -18030
-23262 -18206 -18308
-22915 -18472 -18561
-23219 -18715 -18806
-23662 -18951 -19046
-23607 -19183 -19272
-23642 -19402 -19487
-23269 -19608 -19682
-23344 -19798 -19869
-23726 -19980 -20055
-24292 -20158 -20241
-24849 -20335 -20426
-24697 -20511 -20595
-24454 -20672 -20748
-24306 -20817 -20887
-24982 -20951 -21032
-25179 -21090 -21172
-25089 -21223 -21301
-24934 -21343 -21415
-24858 -21451 -21520
-24717 -21553 -21617
-24698 -21642 -21704
-24723 -21725 -21785
-24395 -21801 -21853
-24184 -21865 -21912
-24377 -21923 -21973
-25698 -21977 -22052
-25927 -22047 -22125
-25077 -22116 -22176
-23849 -22165 -22199
-23165 -22188 -22208
-22666 -22201 -22211
-22850 -22209 -22222
-23286 -22222 -22244
-24494 -22243 -22289
-24805 -22285 -22336
-24426 -22331 -22373
-23830 -22366 -22396
-23360 -22389 -22409
-23225 -22405 -22422
-23330 -22422 -22441
-23478 -22441 -22462
-23899 -22462 -22491
-23965 -22493 -22523
-23951 -22523 -22552
-24146 -22552 -22584
-24089 -22583 -22614
-24361 -22611 -22647
-24167 -22642 -22673
-23736 -22670 -22692
-23902 -22690 -22715
-24121 -22712 -22741
-24140 -22737 -22766
-24447 -22761 -22795
-24489 -22788 -22823
-24231 -22816 -22845
-23907 -22838 -22860
-24176 -22851 -22878
-23934 -22868 -22890
-24443 -22881 -22913
-23674 -22905 -22921
-23836 -22913 -22932
-24008 -22925 -22947
-24297 -22940 -22968
-24326 -22961 -22989
-24167 -22979 -23003
-24274 -22992 -23018
-23951 -23007 -23026
-23770 -23017 -23033
-23715 -23026 -23040
-24182 -23032 -23056
-24638 -23048 -23080
-24504 -23069 -23098
-24817 -23087 -23122
-24607 -23109 -23139
-24089 -23126 -23146
-24018 -23133 -23151
-23852 -23139 -23154
-24014 -23144 -23162
-24113 -23152 -23172
-24192 -23161 -23182
-24179 -23170 -23191
-23777 -23179 -23191
-24030 -23180 -23198
-24212 -23185 -23206
-24116 -23194 -23213
-24322 -23202 -23225
-24322 -23213 -23236
-24189 -23222 -23242
-23998 -23229 -23245
-23869 -23234 -23247
-23945 -23236 -23251
-24081 -23241 -23258
-24099 -23248 -23266
-24313 -23256 -23278
-24071 -23269 -23286
-24316 -23274 -23295
-24262 -23284 -23304
-23893 -23292 -23305
-24307 -23294 -23315
-24151 -23304 -23321
-24113 -23311 -23328
-24015 -23317 -23331
-24301 -23319 -23339
-24518 -23327 -23351
-23995 -23338 -23352
-24021 -23340 -23354
-23987 -23343 -23356
-24036 -23346 -23360
-24181 -23348 -23365
-24061 -23353 -23368
-23994 -23357 -23370
-23839 -23360 -23370
-23887 -23359 -23370
-23970 -23359 -23372
-24126 -23361 -23377
-24173 -23366 -23383
-24031 -23372 -23386
-23874 -23374 -23385
-23997 -23373 -23386
-23861 -23375 -23385
-23845 -23373 -23383
-23745 -23371 -23379
-24047 -23367 -23381
-23993 -23368 -23381
-24027 -23368 -23382
-23975 -23367 -23380
-24014 -23368 -23381
-24040 -23369 -23383
-23817 -23372 -23381
-24037 -23369 -23383
-24264 -23371 -23389
-24235 -23375 -23393
-24218 -23378 -23395
-23900 -23381 -23392
-23869 -23376 -23386
-23975 -23372 -23385
-23437 -23370 -23372
-23656 -23358 -23364
-23736 -23351 -23359
-23958 -23346 -23359
-23931 -23346 -23358
-23964 -23345 -23358
-23933 -23345 -23357
-23611 -23343 -23349
-23756 -23337 -23346
-23738 -23334 -23343
-23590 -23332 -23338
-23662 -23328 -23335
-23745 -23326 -23335
-23874 -23327 -23338
-23957 -23329 -23342
-23742 -23333 -23342
-23749 -23333 -23342
-24161 -23334 -23351
-23801 -23344 -23354
-23645 -23347 -23353
-23957 -23347 -23360
-23771 -23355 -23364
-24046 -23358 -23372
-24068 -23366 -23381
-23991 -23376 -23389
-24063 -23382 -23396
-24036 -23389 -23402
-23902 -23394 -23405
-23719 -23399 -23406
-23789 -23400 -23408
-24259 -23401 -23419
-24294 -23413 -23431
-24323 -23423 -23442
-24371 -23432 -23451
-23824 -23441 -23449
-24201 -23436 -23452
-24092 -23438 -23452
-24155 -23439 -23454
-24173 -23440 -23455
-24048 -23440 -23453
-24190 -23438 -23454
-23904 -23438 -23448
-23868 -23432 -23441
-23806 -23424 -23432
-23865 -23415 -23425
-23914 -23409 -23420
-24052 -23403 -23416
-23931 -23398 -23409
-23695 -23389 -23396
-23846 -23378 -23388
-23756 -23370 -23378
-23928 -23360 -23372
-24097 -23353 -23368
-24108 -23348 -23364
-24055 -23342 -23357
-23846 -23335 -23346
-24040 -23323 -23338
-23955 -23313 -23326
-23947 -23299 -23312
-24155 -23284 -23302
-23753 -23272 -23282
-23725 -23250 -23260
-23851 -23226 -23239
-24382 -23204 -23228
-24253 -23189 -23211
-24079 -23170 -23189
-23717 -23146 -23158
-23969 -23111 -23129
-24134 -23079 -23101
-24390 -23047 -23074
-24394 -23014 -23042
-24667 -22977 -23011
-24491 -22939 -22971
-24762 -22891 -22929
-24753 -22842 -22881
-24513 -22784 -22819
-24425 -22716 -22751
-24271 -22637 -22670
-24187 -22547 -22580
-23941 -22449 -22479
-23598 -22340 -22366
-23525 -22218 -22245
-23308 -22088 -22113
-23184 -21949 -21974
-22484 -21803 -21817
-22460 -21640 -21657
-22083 -21472 -21485
-21841 -21293 -21304
-21173 -21106 -21108
-20960 -20904 -20906
-20458 -20696 -20692
-20447 -20476 -20476
-20058 -20255 -20252
-20013 -20023 -20023
-19731 -19790 -19789
-19584 -19549 -19550
-19211 -19301 -19300
-18737 -19045 -19039
-18419 -18778 -18771
-17948 -18505 -18494
-17429 -18222 -18207
-17183 -17932 -17918
-16606 -17636 -17616
-15664 -17331 -17298
-14634 -17013 -16966
-14031 -16682 -16629
-13699 -16348 -16296
-13460 -16019 -15968
-13537 -15691 -15648
-13347 -15372 -15332
-13237 -15053 -15017
-12737 -14739 -14699
-12235 -14420 -14377
-11779 -14098 -14052
-11680 -13774 -13733
-11824 -13452 -13420
-11939 -13134 -13111
-11797 -12819 -12799
-11119 -12501 -12474
-10586 -12175 -12144
-9817 -11843 -11803
-9520 -11500 -11461
-9397 -11157 -11122
-9016 -10815 -10780
-8539 -10472 -10434
-8013 -10128 -10086
-7589 -9781 -9738
-7116 -9433 -9387
-6669 -9084 -9036
-6377 -8734 -8687
-5969 -8387 -8339
-5761 -8041 -7996
-5811 -7698 -7661
-5697 -7360 -7327
-5463 -7023 -6992
-5263 -6684 -6656
-4962 -6342 -6315
-4507 -5996 -5967
-4190 -5645 -5616
-3730 -5287 -5256
-3241 -4924 -4891
-2586 -4560 -4521
-2057 -4192 -4150
-1294 -3824 -3774
-367 -3456 -3395
-1827 -3095 -3070
-1512 -2768 -2743
-759 -2436 -2403
-732 -2093 -2066
595 -1753 -1707
1931 -1403 -1337
2144 -1051 -988
2009 -712 -658
2908 -395 -329
3445 -80 -10
3789 226 297
4575 511 592
4864 792 873
5025 1054 1133
4868 1297 1368
4651 1516 1578
4494 1712 1767
4488 1890 1941
4579 2052 2102
4402 2203 2246
4179 2339 2375
4021 2461 2492
3947 2573 2600
3754 2679 2700
3475 2776 2789
3236 2867 2874
2761 2956 2952
2137 3044 3025
1585 3131 3100
1067 3226 3182
635 3332 3278
246 3455 3390
509 3598 3536
147 3757 3684
2717 3920 3895
27292 3965 4431
12871 4382 4551
600 4560 4480
9947 4503 4611
9222 4605 4697
3879 4644 4628
-3918 4631 4459
-1390 4486 4368
2891 4416 4385
10068 4410 4523
7684 4526 4589
7432 4580 4637
2762 4631 4593
2285 4599 4552
2730 4568 4531
4665 4552 4554
6075 4567 4597
6233 4605 4637
5347 4639 4653
4320 4655 4648
3593 4654 4632
3667 4643 4623
3736 4637 4618
4781 4635 4637
5762 4651 4673
6137 4682 4711
5763 4714 4734
4351 4734 4726
3207 4727 4696
3053 4702 4669
3418 4684 4658
4646 4675 4674
4717 4692 4692
4818 4708 4710
4353 4727 4719
5693 4733 4752
5491 4761 4775
5248 4783 4792
4829 4800 4800
4426 4809 4801
4330 4811 4801
4460 4809 4802
4591 4812 4807
4684 4815 4812
3976 4824 4807
4907 4818 4819
4371 4832 4822
4716 4833 4830
4870 4842 4842
4954 4851 4853
4983 4863 4865
5086 4873 4877
4671 4884 4879
4173 4889 4874
4406 4883 4873
4539 4883 4876
4668 4887 4882
4679 4894 4889
4879 4900 4899
5087 4909 4912
4866 4922 4920
4578 4928 4920
4236 4928 4914
4594 4924 4917
4592 4928 4921
5133 4931 4935
5238 4943 4948
5102 4954 4956
4751 4961 4956
4733 4960 4955
4926 4963 4962
4537 4965 4956
3850 4966 4943
3925 4955 4934
3710 4951 4926
3954 4947 4927
4399 4948 4937
5342 4955 4962
4929 4979 4977
5039 4990 4990
4560 5004 4995
4274 5011 4996
4507 5012 5001
4985 5018 5017
5594 5030 5041
6097 5052 5072
6813 5077 5111
6008 5109 5126
4607 5122 5111
3420 5105 5071
2554 5073 5022
3190 5033 4996
4782 5008 5003
5629 5006 5018
5054 5027 5027
6161 5021 5043
1823 5049 4984
4500 4994 4984
4195 5000 4983
6462 4991 5020
4132 5024 5006
3238 5013 4977
2752 4993 4948
3883 4975 4953
5955 4970 4989
5002 5005 5004
4848 5013 5009
3788 5025 5000
4973 5015 5014
5008 5030 5029
5290 5041 5045
4914 5055 5052
4840 5062 5057
4833 5067 5062
5201 5072 5074
4958 5081 5078
4720 5083 5075
4355 5082 5067
4617 5077 5067
4678 5078 5069
4680 5078 5070
4710 5080 5072
5003 5081 5079
5041 5085 5084
4600 5091 5081
4219 5089 5071
4332 5081 5066
4503 5077 5065
4717 5075 5067
4534 5076 5065
4497 5076 5064
4360 5076 5061
4441 5074 5061
4406 5075 5061
4593 5076 5066
4969 5080 5077
4657 5090 5081
4821 5094 5088
4956 5100 5097
5191 5108 5109
5328 5117 5121
5068 5130 5128
4982 5137 5133
5013 5141 5138
5091 5144 5142
4818 5146 5139
4505 5144 5131
4771 5139 5131
4775 5139 5131
5846 5134 5148
4891 5149 5143
4240 5149 5130
4211 5140 5121
4932 5129 5125
4457 5134 5120
4848 5129 5123
4778 5131 5123
4320 5134 5117
4685 5128 5119
4415 5132 5117
5115 5134 5133
5202 5147 5148
5537 5157 5164
5091 5173 5171
4164 5186 5165
4079 5187 5164
4612 5190 5178
5002 5212 5207
4362 5247 5229
4976 5274 5268
5305 5316 5315
5241 5370 5367
3137 5438 5391
1535 5502 5422
3144 5561 5512
2724 5678 5618
3430 5820 5772
3039 6006 5946
3521 6219 6165
6269 6462 6458
4851 6781 6742
7881 7073 7089
8562 7427 7449
9826 7788 7828
11075 8157 8215
12108 8533 8604
12811 8913 8990
12510 9281 9345
12114 9618 9667
9276 9938 9924
11341 10189 10212
12324 10455 10492
11065 10730 10736
10519 10974 10964
9593 11204 11171
9206 11417 11372
10056 11621 11589
9658 11841 11797
10931 12052 12029
11087 12293 12268
11454 12546 12524
11504 12814 12787
12399 13090 13076
13304 13385 13383
13727 13692 13692
14961 13998 14017
15639 14315 14341
15616 14634 14653
14045 14947 14928
13708 15230 15199
15912 15502 15510
14474 15824 15796
17050 16110 16128
18226 16429 16464
17517 16762 16777
19006 17070 17108
20132 17377 17432
16934 17697 17681
19875 17942 17980
20598 18226 18273
20285 18518 18553
20961 18794 18837
22335 19074 19139
21884 19374 19424
22931 19647 19712
23254 19913 19979
23095 20166 20224
21903 20401 20431
20269 20611 20604
20070 20789 20774
20097 20957 20939
20861 21123 21117
21112 21293 21289
19828 21471 21438
20078 21633 21601
20469 21798 21771
20022 21978 21938
21941 22150 22145
23682 22349 22375
23602 22570 22590
23410 22781 22793
23675 22985 22998
25431 23186 23230
24539 23414 23436
23643 23627 23627
24001 23827 23830
24086 24038 24038
25360 24250 24272
26025 24485 24515
26618 24728 24765
26833 24985 25021
28280 25250 25310
30194 25536 25629
30291 25851 25939
30291 26158 26240
30291 26440 26517
30291 26691 26763
30291 26924 26991
30291 27139 27202
30291 27347 27405
30291 27539 27594
30291 27724 27775
30291 27900 27947
30291 28047 28091
30291 28166 28208
30291 28259 28299
30291 28328 28367
30291 28386 28424
30291 28448 28484
30291 28522 28557
30291 28608 28641
30291 28698 28729
30291 28782 28812
30291 28855 28883
30291 28928 28955
29466 29021 29029
30291 29102 29125
29697 29210 29219
30291 29319 29338
30291 29434 29451
30291 29554 29568
30291 29666 29678
30291 29784 29794
30291 29907 29914
30291 30030 30035
30291 30146 30148
30291 30255 30255
30291 30359 30357
30291 30464 30460
30291 30566 30560
30291 30659 30651
30291 30735 30726
30291 30789 30779
30291 30825 30814
30291 30848 30836
30291 30862 30850
30291 30883 30871
30291 30915 30902
30291 30955 30941
30291 30999 30984
30291 31045 31029
30291 31088 31072
30291 31128 31111
30291 31169 31151
30291 31208 31189
30291 31246 31226
30291 31283 31263
30291 31323 31302
30291 31364 31342
30291 31407 31384
30291 31460 31436
30291 31522 31497
30291 31591 31564
30291 31664 31636
30291 31750 31720
30291 31822 31791
30291 31884 31852
30291 31940 31907
30291 31996 31961
30291 32047 32011
30291 32081 32045
30291 32100 32063
30291 32100 32063
30291 32086 32050
30291 32067 32031
30291 32048 32012
30291 32028 31993
30291 32002 31967
30291 31969 31935
30291 31929 31896
30291 31885 31853
30291 31844 31812
30291 31809 31778
30291 31782 31752
30291 31767 31737
30291 31755 31725
30291 31741 31711
30291 31722 31693
30291 31700 31671
30291 31674 31646
30291 31647 31619
30291 31619 31592
30291 31594 31567
30291 31571 31545
30291 31550 31524
30291 31526 31501
30291 31494 31469
30291 31457 31433
30291 31417 31394
30291 31384 31362
30291 31358 31336
30291 31337 31316
30291 31319 31298
30291 31301 31280
30291 31280 31260
30291 31257 31237
30291 31238 31219
30291 31220 31201
30291 31203 31184
30291 31185 31167
30291 31165 31147
30291 31145 31127
30291 31124 31107
30291 31105 31088
30291 31088 31072
30291 31071 31055
30291 31052 31036
30291 31035 31020
30291 31021 31006
30291 31008 30993
30291 30997 30982
30291 30989 30975
30291 30983 30969
30291 30981 30967
30291 30983 30969
30291 30987 30973
30291 30991 30976
30291 30990 30976
30291 30988 30974
30291 30982 30968
30291 30975 30961
30291 30967 30953
30291 30961 30947
30291 30956 30942
30291 30950 30936
30291 30940 30927
30291 30926 30913
30291 30909 30896
30291 30891 30878
30291 30874 30862
30291 30859 30847
30291 30849 30837
30291 30839 30828
30291 30833 30822
30291 30826 30815
30291 30818 30807
30291 30809 30798
30291 30805 30794
30291 30802 30791
30291 30802 30791
30291 30805 30794
30291 30811 30800
30291 30816 30805
30291 30816 30805
30291 30810 30799
30291 30801 30790
30291 30791 30780
30291 30783 30773
30291 30777 30767
30291 30773 30763
30291 30767 30757
30291 30759 30749
30291 30754 30744
30291 30749 30739
30291 30744 30734
30291 30737 30728
30291 30729 30720
30291 30722 30713
30291 30719 30710
30291 30716 30707
30291 30717 30708
30291 30716 30707
30291 30714 30705
30291 30711 30702
30291 30707 30698
30291 30702 30693
30291 30697 30688
30291 30689 30681
30291 30679 30671
30291 30670 30662
30291 30659 30651
30291 30651 30643
30291 30644 30636
30291 30638 30631
30291 30633 30626
30291 30627 30620
30291 30619 30612
30291 30611 30604
30291 30601 30594
30291 30590 30584
30291 30582 30576
30291 30574 30568
30291 30566 30560
30291 30557 30551
30291 30548 30542
30291 30538 30533
30291 30530 30525
30291 30521 30516
30291 30511 30506
30291 30501 30496
30291 30490 30486
30291 30479 30475
30291 30469 30465
30291 30456 30452
30291 30443 30439
30291 30429 30426
30291 30412 30409
30291 30392 30389
30291 30370 30368
30291 30350 30348
30291 30324 30323
30291 30294 30293
30291 30258 30258
30291 30215 30216
30291 30170 30172
30291 30125 30128
30291 30078 30082
30291 30027 30032
30291 29967 29973
30291 29895 29902
30291 29810 29819
30291 29710 29721
30291 29599 29612
30291 29484 29500
30291 29373 29391
30291 29260 29280
30291 29144 29166
30291 29023 29048
30291 28898 28925
30291 28754 28784
30291 28599 28632
30291 28448 28484
30291 28299 28338
30291 28151 28193
30291 27998 28043
30291 27836 27885
30291 27666 27718
30291 27485 27541
30134 27306 27362
29001 27132 27169
29586 26934 26987
29681 26746 26804
29880 26551 26617
30110 26343 26418
28415 26128 26173
25022 25885 25867
24000 25587 25555
22384 25290 25231
21831 24984 24920
23676 24685 24664
27335 24415 24473
28573 24187 24274
26247 23960 24005
22439 23688 23663
19746 23357 23284
19252 22996 22921
19792 22644 22586
20155 22317 22273
21775 22002 21997
21692 21715 21714
19639 21436 21400
18448 21135 21081
19445 20817 20789
18335 20528 20484
16306 20245 20166
16461 19944 19874
17475 19661 19617
18660 19406 19391
20070 19164 19182
19437 18942 18951
16620 18718 18676
15794 18455 18401
15676 18193 18142
15890 17944 17902
18368 17695 17708
19825 17478 17524
21157 17268 17345
22760 17042 17156
19142 16822 16868
14021 16544 16493
12705 16183 16113
11303 15826 15735
10460 15479 15378
10932 15141 15056
14037 14819 14803
14591 14559 14559
14077 14300 14295
15360 14008 14035
14263 13728 13738
10896 13437 13386
9315 13097 13021
8493 12750 12664
7702 12412 12317
7891 12082 11998
8750 11764 11703
8685 11468 11412
9005 11174 11130
9509 10882 10854
10309 10588 10582
7013 10320 10253
5782 10007 9922
5877 9687 9610
5913 9383 9313
7222 9088 9050
7134 8816 8782
6721 8546 8509
5743 8277 8226
4828 8000 7936
4662 7719 7657
5131 7443 7396
5301 7182 7144
6832 6917 6915
5805 6677 6659
4814 6419 6386
4935 6136 6111
4542 5858 5831
4034 5578 5547
3032 5296 5250
3293 4996 4961
1962 4707 4652
2094 4401 4354
2105 4098 4058
2556 3799 3774
1218 3514 3468
22 3220 3156
437 2914 2864
-604 2631 2566
-299 2343 2290
208 2066 2028
1117 1795 1781
380 1541 1517
81 1272 1248
-778 1001 965
-2579 728 661
-2223 436 382
-1414 159 127
-2771 -89 -143
-2930 -351 -403
-2435 -611 -648
-2555 -858 -892
-2768 -1097 -1131
-2348 -1334 -1355
-3792 -1553 -1598
-4884 -1785 -1847
-3661 -2031 -2064
-2551 -2254 -2260
-4338 -2450 -2488
-4522 -2667 -2705
-4013 -2880 -2903
-3500 -3083 -3092
-3570 -3277 -3283
-2826 -3480 -3467
-2975 -3677 -3663
-4552 -3875 -3889
-5604 -4104 -4135
-5647 -4352 -4378
-5086 -4603 -4613
-4183 -4849 -4836
-4960 -5088 -5086
-6357 -5342 -5363
-7734 -5618 -5661
-7319 -5916 -5945
-7472 -6199 -6225
-8794 -6475 -6522
-12160 -6749 -6858
-14040 -7012 -7153
-5958 -7312 -7285
-9190 -7461 -7496
-5493 -7699 -7655
-8531 -7880 -7894
-10068 -8120 -8159
-16421 -8350 -8512
-14713 -8635 -8757
-10074 -8876 -8900
-9725 -9039 -9053
-8677 -9219 -9209
-11895 -9374 -9425
-13143 -9573 -9645
-10864 -9800 -9822
-10865 -9989 -10007
-10544 -10197 -10204
-14690 -10387 -10474
-14338 -10627 -10702
-11389 -10858 -10869
-10150 -11056 -11038
-16596 -11216 -11324
-13759 -11466 -11512
-6001 -11686 -11573
-5879 -11816 -11698
-12222 -11977 -11982
-18313 -12226 -12348
-13708 -12564 -12587
-9386 -12835 -12767
-8206 -13067 -12970
-16009 -13284 -13339
-17974 -13621 -13709
-16711 -13987 -14042
-13788 -14339 -14328
-15898 -14652 -14677
-20695 -14979 -15094
-22016 -15356 -15490
-19742 -15743 -15823
-16641 -16103 -16114
-18836 -16400 -16449
-20410 -16715 -16789
-19380 -17048 -17095
-20356 -17358 -17418
-24025 -17671 -17799
-24334 -18030 -18157
-24392 -18372 -18493
-22233 -18707 -18778
-21999 -19003 -19063
-24094 -19282 -19379
-24288 -19590 -19684
-24039 -19890 -19973
-25070 -20177 -20275
-25022 -20473 -20564
-25882 -20755 -20858
-26398 -21044 -21152
-26419 -21334 -21436
-25891 -21615 -21701
-26238 -21875 -21963
-26192 -22137 -22219
-26387 -22392 -22472
-26826 -22644 -22728
-27316 -22895 -22984
-26874 -23152 -23227
-26344 -23396 -23455
-26175 -23629 -23680
-27922 -23857 -23939
-29402 -24112 -24218
-30292 -24386 -24505
-29640 -24669 -24769
-28836 -24935 -25014
-28633 -25181 -25251
-30262 -25419 -25516
-30292 -25681 -25774
-30292 -25934 -26022
-30292 -26180 -26263
-30292 -26422 -26500
-30292 -26659 -26732
-30292 -26890 -26959
-30292 -27114 -27178
-30292 -27329 -27389
-30292 -27536 -27592
-30292 -27735 -27787
-30292 -27928 -27976
-30292 -28116 -28160
-30292 -28294 -28334
-30292 -28466 -28503
-30292 -28633 -28667
-30292 -28792 -28823
-30292 -28941 -28969
-30292 -29085 -29110
-30292 -29222 -29244
-30292 -29353 -29372
-30292 -29479 -29496
-30292 -29601 -29615
-30292 -29715 -29727
-30292 -29823 -29833
-30292 -29926 -29934
-30292 -30024 -30030
-30292 -30116 -30120
-30292 -30203 -30205
-30292 -30280 -30281
-30292 -30347 -30346
-30292 -30402 -30400
-30292 -30448 -30445
-30292 -30488 -30485
-30292 -30524 -30520
-30292 -30555 -30550
-30292 -30579 -30574
-30292 -30599 -30593
-30292 -30614 -30608
-30292 -30626 -30620
-30292 -30636 -30630
-30292 -30646 -30639
-30292 -30654 -30647
-30292 -30658 -30651
-30292 -30658 -30651
-30292 -30654 -30647
-30292 -30650 -30643
-30292 -30646 -30639
-30292 -30643 -30636
-30292 -30639 -30633
-30292 -30637 -30631
-30292 -30637 -30631
-30292 -30637 -30631
-30292 -30638 -30632
-30292 -30639 -30633
-30292 -30639 -30633
-30292 -30638 -30632
-30292 -30638 -30632
-30292 -30638 -30632
-30292 -30639 -30633
-30292 -30639 -30633
-30292 -30638 -30632
-30292 -30635 -30629
-30292 -30629 -30623
-30292 -30624 -30618
-30292 -30619 -30613
-30292 -30614 -30608
-30292 -30610 -30604
-30292 -30603 -30597
-30292 -30591 -30586
-30292 -30579 -30574
-30292 -30566 -30561
-30292 -30555 -30550
-30292 -30545 -30540
-30292 -30534 -30530
-30292 -30525 -30521
-30292 -30517 -30513
-30292 -30508 -30504
-30292 -30499 -30495
-30292 -30492 -30488
-30292 -30481 -30478
-30292 -30468 -30465
-30292 -30451 -30448
-30292 -30437 -30435
-30292 -30426 -30424
-30292 -30411 -30409
-30292 -30396 -30394
-30292 -30380 -30379
-30292 -30367 -30366
-30292 -30351 -30350
-30292 -30336 -30336
-30292 -30321 -30321
-30292 -30306 -30306
-30292 -30294 -30294
-30292 -30283 -30284
-30292 -30271 -30272
-30292 -30258 -30259
-30292 -30243 -30244
-30292 -30231 -30233
-30292 -30225 -30227
-30292 -30221 -30223
-30292 -30215 -30217
-30292 -30210 -30212
-30292 -30206 -30208
-30292 -30203 -30205
-30292 -30200 -30202
-30292 -30196 -30198
-30292 -30192 -30195
-30292 -30189 -30192
-30292 -30186 -30189
-30292 -30182 -30185
-30292 -30178 -30181
-30292 -30172 -30175
-30292 -30167 -30170
-30292 -30162 -30165
-30292 -30155 -30158
-30292 -30146 -30149
-30292 -30133 -30137
-30292 -30118 -30122
-30292 -30102 -30106
-30292 -30088 -30093
-30292 -30075 -30080
-30292 -30064 -30069
-30292 -30052 -30057
-30292 -30037 -30043
-30292 -30022 -30028
-30292 -30006 -30012
-30292 -29988 -29995
-30292 -29971 -29978
-30292 -29955 -29962
-30292 -29937 -29945
-30292 -29914 -29922
-30292 -29887 -29896
-30292 -29858 -29867
-30292 -29827 -29837
-30292 -29799 -29809
-30292 -29774 -29785
-30292 -29746 -29757
-30292 -29714 -29726
-30292 -29677 -29690
-30292 -29635 -29649
-30292 -29586 -29601
-30292 -29538 -29554
-30292 -29487 -29504
-30292 -29420 -29438
-30292 -29342 -29362
-30292 -29266 -29287
-30292 -29194 -29216
-30292 -29123 -29147
-30292 -29048 -29073
-30292 -28960 -28987
-30292 -28860 -28889
-30292 -28749 -28780
-30292 -28631 -28665
-30292 -28498 -28534
-30292 -28337 -28377
-30292 -28150 -28193
-30292 -27935 -27983
-30292 -27694 -27746
-30292 -27421 -27479
-30292 -27118 -27182
-30292 -26779 -26850
-30292 -26405 -26483
-29206 -26016 -26080
-26721 -25612 -25635
-29915 -25165 -25261
-30292 -24777 -24888
-28849 -24391 -24481
-26841 -23965 -24023
-27825 -23477 -23564
-29095 -22976 -23099
-28942 -22464 -22594
-30108 -21899 -22064
-22248 -21330 -21349
-19335 -20602 -20577
-15586 -19842 -19757
-18830 -19057 -19053
-14856 -18398 -18328
-15242 -17731 -17682
-17356 -17120 -17125
-16194 -16582 -16575
-18225 -16030 -16074
-17773 -15507 -15553
-21872 -14954 -15093
-18848 -14456 -14544
-11967 -13903 -13865
-6056 -13252 -13109
-9027 -12532 -12462
-17259 -11919 -12026
5022 -11504 -11174
-7442 -10695 -10630
-3234 -10191 -10052
-7926 -9616 -9583
-12073 -9120 -9180
-12826 -8688 -8771
-10221 -8247 -8287
-11682 -7742 -7821
-10028 -7273 -7329
-2148 -6818 -6725
3931 -6297 -6093
-269 -5735 -5626
-6927 -5280 -5313
-4365 -4953 -4942
-1825 -4593 -4538
-11805 -4089 -4244
-14160 -3709 -3919
-5938 -3315 -3368
12631 -2849 -2540
1846 -2080 -2002
1610 -1575 -1512
6257 -1153 -1005
13231 -747 -468
-1903 -238 -272
2571 25 75
393 342 343
9713 580 762
8917 937 1096
5648 1251 1338
3949 1483 1532
3207 1684 1714
5822 1857 1936
5628 2069 2140
5362 2262 2324
5422 2432 2491
5350 2589 2644
4293 2737 2768
3815 2854 2873
5341 2949 2996
5865 3051 3107
6171 3146 3206
5277 3230 3270
4203 3287 3305
3163 3325 3321
1890 3355 3325
2210 3375 3351
2523 3413 3395
3667 3461 3465
5256 3525 3559
8340 3590 3685
7633 3684 3762
4147 3753 3760
3038 3754 3739
2980 3739 3723
2986 3730 3715
2883 3730 3713
4841 3723 3745
5461 3742 3776
5774 3758 3798
5743 3756 3795
3391 3747 3739
2415 3693 3667
3392 3617 3612
3875 3560 3566
3301 3514 3509
1996 3464 3434
2628 3389 3373
326 3348 3287
4571 3298 3323
4974 3333 3365
9710 3330 3457
8168 3379 3474
3842 3366 3375
-2318 3308 3195
-287 3155 3086
8530 3009 3119
13191 2973 3177
6703 2986 3060
-2337 2915 2809
392 2697 2650
6030 2489 2559
5235 2393 2449
1806 2289 2279
4973 2103 2160
5895 1918 1997
245 1794 1763
5301 1550 1625
7632 1324 1450
-6512 1194 1039
-2301 851 787
-1333 594 555
-4762 369 266
-3355 135 65
-4865 -45 -142
-3479 -241 -306
-5477 -376 -479
-4165 -526 -599
-2781 -644 -687
-3090 -723 -771
-2959 -794 -838
-2948 -854 -896
-3476 -901 -953
-3502 -946 -998
-3307 -981 -1028
-3366 -997 -1045
-3249 -1001 -1046
-2729 -995 -1030
-1597 -972 -985
-990 -928 -930
-845 -873 -873
-740 -818 -817
-757 -763 -763
-658 -711 -710
-284 -660 -653
-546 -606 -605
-357 -562 -558
-261 -517 -512
-502 -474 -475
-179 -441 -436
-308 -405 -404
-120 -376 -371
140 -347 -338
-23 -318 -313
-186 -296 -294
-291 -283 -284
-443 -274 -278
-402 -270 -273
-619 -265 -273
-208 -267 -266
-23 -265 -261
51 -265 -259
349 -268 -256
261 -272 -262
446 -284 -270
-82 -295 -291
619 -324 -306
73 -347 -339
51 -387 -379
-201 -432 -428
-520 -483 -484
-786 -542 -547
-1191 -605 -617
-1480 -673 -690
-1887 -743 -766
-2136 -816 -843
-2485 -887 -919
-2841 -957 -995
-2772 -1026 -1061
-2964 -1083 -1121
-3396 -1134 -1180
-3377 -1183 -1227
-3324 -1218 -1261
-3313 -1243 -1285
-3143 -1258 -1296
-3008 -1261 -1296
-2830 -1251 -1283
-2997 -1232 -1268
-2778 -1208 -1240
-2621 -1172 -1201
-2450 -1126 -1153
-2043 -1073 -1093
-2038 -1009 -1030
-1870 -941 -960
-1735 -867 -885
-1316 -789 -800
-1225 -703 -714
-1188 -615 -627
-1133 -526 -539
-745 -436 -443
-694 -339 -347
-432 -243 -247
-83 -144 -143
-97 -40 -42
36 59 58
238 158 159
483 257 261
730 354 361
1025 452 463
977 548 556
1209 637 648
1397 724 737
1513 805 819
1619 882 896
1770 952 968
1735 1016 1030
1929 1072 1089
2124 1123 1143
1825 1169 1182
1656 1203 1212
1564 1229 1235
1424 1246 1249
1439 1256 1259
1334 1261 1262
1158 1263 1260
1092 1258 1254
873 1251 1243
638 1240 1227
292 1228 1209
14 1213 1189
-113 1198 1171
-362 1185 1154
-543 1175 1140
-609 1170 1134
-826 1174 1133
-1019 1183 1138
-1223 1202 1153
-1244 1229 1179
-1333 1272 1219
-1459 1328 1272
-1694 1400 1338
-2184 1493 1419
-2170 1604 1528
-2592 1745 1658
-2883 1914 1818
-3102 2118 2013
-3106 2360 2250
-2562 2630 2526
4531 2912 2944
3937 3302 3314
-2954 3694 3561
-4538 3972 3801
30291 4054 4578
27303 4372 4830
-30292 4740 4039
-23227 4359 3807
30291 3760 4290
-14167 4216 3848
16448 3903 4153
10996 4059 4197
-5156 4164 3977
-322 4017 3930
7145 3954 4017
4949 3996 4015
-288 4011 3925
1311 3957 3904
7167 3917 3982
3659 3973 3966
246 3980 3905
4512 3932 3943
5642 3954 3987
4148 3997 4000
5289 4015 4040
5744 4049 4082
4843 4089 4104
5097 4112 4131
4581 4135 4143
4198 4154 4154
4846 4164 4177
4663 4187 4196
5365 4204 4227
4888 4235 4248
4959 4256 4270
4550 4279 4284
4189 4294 4291
4246 4301 4299
4340 4311 4311
4630 4324 4330
4836 4343 4352
4962 4363 4374
5138 4384 4399
5105 4407 4420
4716 4428 4433
4503 4441 4442
4578 4453 4455
4546 4465 4466
4729 4476 4481
4652 4491 4494
4765 4504 4509
4778 4519 4524
4952 4534 4542
4726 4551 4554
4697 4562 4564
4571 4573 4572
4731 4582 4584
4647 4593 4594
4816 4604 4608
4733 4618 4620
4654 4631 4631
4761 4640 4642
4745 4652 4653
4707 4663 4663
4612 4674 4672
4736 4683 4684
4826 4693 4695
4744 4705 4705
4769 4715 4716
4709 4726 4725
4766 4735 4735
4715 4745 4744
4823 4753 4754
4749 4764 4763
4729 4773 4772
4672 4782 4779
4553 4788 4783
4651 4794 4791
4684 4801 4798
4663 4808 4805
4932 4814 4816
4787 4825 4824
4756 4833 4831
4825 4841 4840
4702 4850 4847
4849 4857 4856
4718 4866 4863
4645 4872 4867
4664 4876 4871
4508 4881 4873
4454 4884 4875
4690 4885 4881
4921 4891 4891
4875 4902 4901
4869 4910 4909
4734 4919 4915
4699 4923 4918
4637 4926 4920
4571 4930 4922
4631 4931 4924
4538 4935 4927
4600 4937 4930
4730 4941 4936
4780 4945 4941
4984 4951 4951
5020 4961 4962
4752 4972 4967
4655 4976 4969
4681 4979 4973
4681 4983 4976
4835 4986 4982
4687 4991 4984
4727 4994 4988
4725 4998 4992
4740 5001 4995
4539 5004 4994
4799 5003 4998
4768 5009 5004
4882 5014 5011
4768 5020 5014
4853 5024 5020
4681 5029 5022
4722 5032 5025
4646 5037 5029
4837 5039 5034
4618 5043 5034
4668 5043 5035
4665 5045 5037
4633 5048 5039
4808 5049 5044
4820 5055 5050
4730 5060 5053
4727 5062 5055
4715 5066 5058
4745 5068 5061
4759 5071 5064
4728 5075 5068
4716 5077 5069
4707 5079 5071
4700 5082 5074
4766 5083 5076
4568 5086 5075
4757 5085 5078
4797 5087 5081
4591 5090 5080
4726 5091 5083
4669 5093 5084
4646 5094 5085
4691 5095 5086
4576 5097 5086
4740 5096 5088
4719 5098 5090
4803 5100 5094
4719 5104 5096
4791 5106 5099
4751 5108 5100
4480 5109 5096
4610 5106 5096
4559 5107 5096
4780 5107 5100
4898 5111 5106
5009 5115 5112
4881 5121 5116
4617 5124 5113
4627 5122 5112
4782 5123 5116
4588 5125 5114
4570 5124 5112
4656 5122 5112
4699 5122 5113
4859 5123 5117
4984 5126 5123
4821 5132 5125
4668 5134 5124
4475 5133 5119
4593 5129 5118
4374 5130 5114
4911 5125 5120
4844 5132 5126
5153 5137 5137
4797 5146 5139
4821 5148 5141
4614 5151 5140
4494 5150 5136
4635 5147 5136
4685 5147 5137
4675 5147 5137
4963 5148 5144
4830 5153 5146
